512  598
924  95
514  435
38  199
848  516
735  132
316  42
326  417
869  711
12  199
814  166
450  887
749  113
503  692
387  841
561  182
987  490
548  259
543  569
557  755
695  539
112  440
420  736
811  810
177  842
503  956
16  515
336  766
651  828
2  725
540  938
646  650
71  260
255  556
846  91
65  678
23  248
103  777
916  698
393  109
654  394
509  594
388  934
633  324
887  668
555  927
637  660
348  951
682  601
162  362
851  88
906  469
361  240
45  223
70  453
921  293
693  353
962  225
711  37
271  722
701  803
926  249
328  921
912  734
967  557
981  194
639  570
448  550
424  572
878  963
768  734
8  315
852  557
697  733
735  422
480  219
135  532
701  189
707  22
864  468
53  277
170  679
516  337
649  54
197  82
857  602
76  562
332  81
180  998
621  41
620  618
862  562
522  66
33  949
205  929
330  452
101  528
219  185
295  24
699  115
429  400
381  171
758  517
357  440
135  601
930  950
822  210
768  786
929  61
893  645
570  825
552  419
693  756
804  144
273  149
851  822
588  747
180  584
197  918
959  862
336  888
480  553
333  949
645  296
804  231
24  648
772  614
509  435
431  372
842  551
423  644
813  967
344  973
355  477
215  76
835  839
436  196
3  325
33  98
890  974
446  437
919  860
608  665
968  224
847  575
68  238
313  345
228  475
10  565
402  316
202  183
225  596
603  829
359  724
91  599
102  818
215  458
442  285
673  603
308  331
239  668
210  403
156  763
503  353
454  123
269  639
490  214
111  177
945  19
962  860
492  283
945  605
770  673
568  430
265  944
789  676
54  231
371  706
352  94
29  676
256  744
935  477
519  727
997  392
85  659
83  222
27  343
44  680
1000  365
202  772
429  526
892  23
746  217
533  222
722  112
185  832
739  656
961  221
918  545
96  73
526  55
286  947
381  624
149  499
80  465
481  85
169  928
557  525
987  78
451  621
181  758
353  141
976  221
980  832
290  119
72  755
489  144
256  933
214  189
717  435
202  567
147  127
699  698
635  824
167  507
72  703
316  808
610  343
513  562
629  612
449  979
930  919
139  637
872  743
704  7
794  487
596  370
666  909
898  123
836  894
77  235
341  46
953  695
716  788
933  874
118  418
892  433
899  109
295  981
843  31
769  985
374  630
75  864
518  930
237  423
558  64
837  128
13  927
518  167
464  831
658  366
963  587
570  261
995  243
133  288
875  309
565  166
624  558
627  266
944  473
476  654
998  558
980  624
407  83
506  149
661  335
830  26
614  966
238  708
254  41
488  457
56  600
743  773
46  128
796  436
251  872
689  77
695  882
549  158
831  348
748  706
656  848
636  145
57  593
702  58
958  384
392  149
346  386
367  796
358  707
890  994
778  628
861  13
235  117
45  841
364  279
687  819
884  172
882  419
338  674
668  874
714  592
160  696
648  821
936  628
625  226
138  142
897  573
715  857
152  405
957  442
572  249
183  792
682  963
220  784
518  127
39  743
675  363
382  702
543  791
429  349
422  314
796  780
839  291
627  754
406  130
69  650
534  770
581  575
175  159
32  466
143  454
46  512
5  481
157  228
288  771
867  794
266  777
649  891
740  700
530  931
212  568
298  268
970  46
450  22
666  670
222  510
490  669
542  481
364  590
881  135
739  33
579  584
509  758
736  241
378  784
740  865
540  409
152  116
94  806
360  270
568  585
344  626
669  296
53  603
462  734
89  325
652  217
727  418
361  855
698  799
174  833
798  241
564  679
512  266
319  960
941  256
825  956
161  482
993  180
654  241
649  161
213  498
380  771
88  387
216  3
50  92
599  108
795  319
774  625
985  680
309  307
139  743
357  709
124  42
197  999
904  832
219  851
342  110
194  439
979  271
558  879
340  904
714  599
376  449
285  611
617  486
691  478
296  324
666  335
849  783
241  83
866  243
316  144
203  133
906  912
941  37
152  281
28  834
637  269
54  966
952  545
511  158
615  669
792  533
155  131
240  7
403  692
492  251
95  370
337  477
101  396
811  361
953  997
378  361
927  410
825  748
18  659
955  520
190  612
747  975
866  283
529  37
724  535
696  648
426  395
529  156
819  829
139  956
239  607
430  207
132  853
753  909
694  42
419  804
998  410
157  422
954  96
354  481
419  949
464  353
378  31
876  644
303  530
19  397
986  551
864  521
896  904
390  78
129  450
761  810
167  480
173  2
715  584
657  106
713  21
967  121
533  702
255  699
669  588
932  173
859  292
261  923
476  960
890  134
662  767
263  599
280  661
449  408
351  295
189  342
12  543
773  591
193  777
470  523
150  636
858  582
646  303
36  321
283  598
984  148
430  811
551  259
634  856
980  844
669  274
267  939
44  923
189  1000
601  370
420  136
851  755
66  478
61  170
127  399
306  880
659  972
119  641
955  508
632  788
95  75
713  443
982  909
688  387
701  543
292  81
554  908
912  611
257  690
80  97
189  12
567  527
356  515
942  782
923  101
103  875
662  865
708  980
803  357
396  360
623  283
272  747
620  155
698  701
3  648
990  426
596  296
444  166
388  672
578  295
907  807
298  127
486  370
597  751
790  344
418  585
199  1
413  455
61  873
388  495
32  909
303  832
265  380
893  202
625  258
539  688
116  640
879  743
281  385
125  590
81  305
68  139
301  406
20  26
532  87
751  760
447  551
609  620
598  312
232  343
387  598
899  449
766  567
368  919
844  869
813  198
54  964
208  821
669  984
890  433
971  494
176  270
17  164
341  851
603  96
627  31
630  962
285  701
562  943
788  482
822  378
628  308
285  21
62  893
25  391
579  319
917  37
138  628
574  222
850  597
397  981
698  344
501  405
81  668
781  952
966  10
116  404
802  266
731  363
398  899
732  167
156  179
566  373
425  172
571  768
517  799
768  309
560  389
282  97
763  481
196  237
714  792
526  417
68  621
483  316
735  471
960  842
319  601
828  333
718  841
642  721
153  458
999  725
460  481
577  278
334  874
566  748
802  586
352  305
508  827
346  455
749  447
885  115
475  96
530  342
145  531
381  72
708  18
130  584
18  302
329  41
88  410
271  235
571  222
362  186
879  302
729  963
220  377
327  157
801  180
417  469
243  946
339  691
129  908
394  583
810  615
759  802
766  636
735  365
512  810
242  434
591  969
430  374
850  20
515  869
518  295
964  489
928  719
212  129
994  653
60  527
381  216
991  761
736  863
995  39
318  763
146  96
434  790
942  441
228  859
726  701
86  742
852  37
801  746
875  856
266  278
338  212
721  273
217  183
536  948
463  795
861  284
674  240
138  587
488  610
769  955
304  797
226  52
317  288
847  842
368  598
315  455
926  741
348  955
283  869
422  783
149  665
848  811
853  207
390  605
444  363
859  111
814  20
848  238
260  116
772  449
496  242
246  254
906  386
11  295
369  267
906  83
793  473
120  592
371  709
816  257
612  566
300  491
806  625
940  809
529  51
443  699
591  121
346  506
905  450
453  210
884  126
876  504
650  47
501  713
465  533
600  557
273  633
742  566
281  783
484  245
322  622
20  283
820  45
67  153
390  348
142  295
357  755
189  406
362  466
357  634
175  18
793  418
655  356
96  289
842  776
45  514
518  264
823  522
61  851
404  822
538  411
356  100
376  229
161  302
646  601
93  237
509  355
233  914
405  273
828  96
162  709
850  638
482  815
484  331
15  954
40  164
936  88
575  584
518  104
124  331
569  478
827  824
898  776
123  654
627  782
177  319
224  108
336  630
682  53
180  618
182  455
918  871
207  169
980  111
48  760
787  139
631  281
175  27
468  460
536  806
943  766
377  460
655  267
590  314
871  298
717  179
699  680
260  152
810  893
449  647
975  210
952  362
403  350
917  590
1  792
358  486
757  22
253  148
367  277
8  436
460  881
773  864
904  348
705  42
465  91
916  465
972  214
970  489
625  623
997  375
546  528
180  736
77  305
213  425
698  552
909  104
271  622
280  979
249  48
33  534
555  586
525  364
94  398
729  18
866  40
992  461
401  833
505  684
274  154
314  41
976  578
407  885
426  859
438  988
499  875
893  870
589  758
619  618
702  608
992  25
953  773
320  403
653  954
889  76
183  596
408  985
593  291
730  522
322  66
927  675
647  310
70  945
503  152
244  176
685  630
580  714
486  486
772  517
147  123
994  554
951  585
861  663
222  159
505  302
607  825
195  48
417  199
256  67
823  231
850  330
761  426
373  495
875  201
402  113
548  311
152  387
562  979
139  698
294  849
670  178
323  186
134  689
789  263
422  78
219  372
749  740
953  185
39  999
533  734
373  574
364  511
192  625
680  435
453  736
136  583
753  176
757  908
482  622
602  274
967  494
221  60
910  563
303  586
365  315
622  827
768  624
114  626
186  554
826  528
739  125
825  963
551  291
199  224
645  741
821  795
280  953
514  160
318  490
602  362
361  767
258  142
955  540
939  326
415  65
25  599
497  69
148  919
252  223
243  50
214  867
69  208
419  704
632  657
635  377
868  334
946  125
655  424
776  146
698  459
85  773
548  788
155  988
127  959
383  202