479  273
15  448
137  97
34  196
325  446
99  53
82  144
146  272
97  311
130  54
134  467
341  422
455  342
485  346
479  54
375  288
172  240
94  367
228  53
319  249
304  91
493  100
189  199
378  100
18  296
204  399
150  72
248  332
264  457
478  184
304  251
99  198
56  124
211  456
455  425
191  386
36  247
35  151
402  4
283  454
215  346
191  383
74  300
134  210
458  320
355  218
372  385
411  178
455  147
398  312
418  31
78  15
365  75
132  443
206  101
492  21
207  487
300  73
467  3
63  55
193  120
315  5
437  380
196  231
354  11
39  206
66  61
144  263
296  487
278  119
396  28
411  87
442  297
358  409
128  133
335  427
321  455
412  277
337  29
110  118
200  102
138  283
122  266
324  282
28  344
387  196
276  28
178  117
100  270
315  9
205  11
486  340
391  411
352  101
148  382
277  86
333  251
354  95
354  497
23  249
190  184
460  133
266  68
438  177
254  345
237  358
390  251
56  399
110  18
464  25
61  164
92  212
326  310
396  101
110  136
185  168
336  33
349  227
63  290
303  87
136  446
45  123
152  338
88  435
382  62
392  202
44  396
188  292
105  6
164  401
283  2
418  494
184  397
294  485
139  129
389  154
208  213
279  337
38  53
95  66
4  237
203  156
377  160
398  449
369  125
374  468
308  139
137  476
181  430
154  20
312  85
83  247
328  233
99  447
408  310
325  436
271  457
319  354
117  410
92  295
167  326
94  218
434  31
228  421
400  339
142  120
180  26
207  258
11  44
52  303
399  91
66  482
335  385
474  405
435  428
110  200
17  289
83  438
488  154
77  126
108  440
358  444
186  420
351  66
274  434
39  397
494  438
306  360
312  97
365  57
243  100
66  357
130  106
150  325
74  156
273  142
269  104
486  329
14  300
1466  654
569  670
913  355
1270  284
452  388
1329  348
974  678
210  243
282  1158
1264  554
377  599
1326  521
843  1200
1463  123
370  5
264  435
512  1030
1436  138
354  937
233  789
306  926
1113  1410
951  895
1395  170
809  897
815  1314
338  736
811  518
1127  25
1412  729
556  62
525  1347
91  698
254  1335
598  851
587  1169
1211  1136
554  1243
1000  71
446  710
1179  1019
173  1179
499  925
1428  990
1295  472
306  1383
510  1202
411  536
349  381
614  179
1  1